0 0.410000 0.670000 0.173333 0.120000
0 0.488333 0.570000 0.116667 0.086667
0 0.675000 0.668333 0.216667 0.103333
0 0.691667 0.845000 0.223333 0.190000
0 0.626667 0.536667 0.053333 0.046667
0 0.366667 0.443333 0.073333 0.066667
0 0.070000 0.461667 0.133333 0.070000
0 0.401667 0.273333 0.070000 0.040000
0 0.540000 0.306667 0.060000 0.046667
0 0.556667 0.258333 0.040000 0.030000
0 0.591667 0.233333 0.050000 0.040000
0 0.668333 0.310000 0.083333 0.046667
0 0.638333 0.381667 0.110000 0.070000
0 0.738333 0.436667 0.043333 0.033333
0 0.673333 0.470000 0.040000 0.020000
0 0.760000 0.375000 0.033333 0.036667
0 0.795000 0.251667 0.063333 0.050000
