0 0.460000 0.521667 0.186667 0.110000
0 0.228333 0.645000 0.130000 0.123333
0 0.110000 0.371667 0.100000 0.056667
0 0.331667 0.330000 0.070000 0.060000
0 0.145000 0.273333 0.056667 0.040000
0 0.098333 0.260000 0.056667 0.060000
0 0.050000 0.238333 0.046667 0.030000
0 0.050000 0.205000 0.053333 0.036667
0 0.168333 0.178333 0.056667 0.036667
0 0.131667 0.221667 0.063333 0.050000
0 0.323333 0.220000 0.060000 0.026667
0 0.430000 0.248333 0.053333 0.043333
0 0.373333 0.185000 0.060000 0.043333
0 0.238333 0.115000 0.083333 0.036667
0 0.711667 0.505000 0.123333 0.050000
0 0.730000 0.663333 0.120000 0.100000
