0 0.418333 0.518333 0.356667 0.210000
0 0.158333 0.798333 0.270000 0.196667
0 0.751667 0.768333 0.150000 0.143333
0 0.851667 0.645000 0.163333 0.116667
0 0.881667 0.538333 0.170000 0.096667
0 0.685000 0.413333 0.190000 0.106667
0 0.700000 0.305000 0.126667 0.070000
0 0.598333 0.201667 0.163333 0.083333
0 0.393333 0.170000 0.173333 0.080000
0 0.265000 0.113333 0.090000 0.046667
0 0.295000 0.071667 0.063333 0.036667
0 0.331667 0.036667 0.083333 0.046667
0 0.401667 0.051667 0.070000 0.030000
0 0.461667 0.108333 0.103333 0.036667
0 0.555000 0.075000 0.083333 0.036667
0 0.658333 0.098333 0.096667 0.050000
0 0.596667 0.136667 0.126667 0.040000
0 0.758333 0.150000 0.070000 0.046667
0 0.873333 0.155000 0.086667 0.050000
0 0.666667 0.043333 0.053333 0.033333
0 0.115000 0.046667 0.096667 0.040000
