0 0.340000 0.445000 0.386667 0.176667
0 0.673333 0.591667 0.220000 0.170000
0 0.351667 0.855000 0.436667 0.230000
0 0.035000 0.720000 0.063333 0.086667
0 0.896667 0.751667 0.133333 0.090000
0 0.851667 0.943333 0.283333 0.113333
0 0.893333 0.448333 0.106667 0.090000
0 0.968333 0.525000 0.063333 0.083333
0 0.706667 0.396667 0.166667 0.093333
0 0.581667 0.361667 0.116667 0.096667
0 0.323333 0.343333 0.053333 0.060000
0 0.146667 0.345000 0.106667 0.050000
0 0.040000 0.423333 0.073333 0.073333
0 0.210000 0.241667 0.186667 0.076667
0 0.338333 0.165000 0.250000 0.070000
0 0.433333 0.211667 0.160000 0.070000
0 0.500000 0.280000 0.193333 0.073333
0 0.641667 0.191667 0.156667 0.056667
0 0.663333 0.090000 0.320000 0.113333
0 0.420000 0.063333 0.113333 0.073333
0 0.325000 0.051667 0.063333 0.063333
