0 0.428333 0.518333 0.310000 0.183333
0 0.655000 0.395000 0.230000 0.123333
0 0.866667 0.526667 0.193333 0.046667
0 0.860000 0.651667 0.193333 0.090000
0 0.771667 0.815000 0.176667 0.143333
0 0.150000 0.813333 0.213333 0.153333
0 0.663333 0.268333 0.133333 0.056667
0 0.568333 0.201667 0.103333 0.063333
0 0.385000 0.173333 0.156667 0.060000
0 0.281667 0.113333 0.116667 0.040000
0 0.306667 0.063333 0.093333 0.060000
0 0.466667 0.076667 0.146667 0.073333
0 0.641667 0.121667 0.156667 0.063333
0 0.780000 0.168333 0.146667 0.056667
0 0.738333 0.048333 0.136667 0.083333
0 0.640000 0.030000 0.073333 0.040000
0 0.123333 0.040000 0.100000 0.040000
