0 0.340000 0.456667 0.353333 0.146667
0 0.683333 0.611667 0.280000 0.163333
0 0.340000 0.838333 0.420000 0.216667
0 0.428333 0.205000 0.503333 0.230000
0 0.725000 0.198333 0.163333 0.316667
0 0.420000 0.051667 0.420000 0.063333
0 0.890000 0.330000 0.140000 0.300000
0 0.953333 0.705000 0.093333 0.243333
0 0.796667 0.941667 0.233333 0.116667
0 0.051667 0.431667 0.096667 0.063333
0 0.063333 0.695000 0.120000 0.136667
0 0.158333 0.230000 0.110000 0.113333
0 0.131667 0.090000 0.130000 0.066667
0 0.046667 0.153333 0.086667 0.046667
